data/pcs/fire_arrival_time_translated.asc
ncols        125
nrows        102
xllcorner    567571.354749309947
yllcorner    4824355.574259799905
cellsize     30.000000000000
NODATA_value -9999
[rows 46 to 68 of 102, columns 51 to 101 of 125]
53.599658966064453125 56.371898651123046875 54.3033599853515625 50.9725494384765625 47.335460662841796875 46.751949310302734375 47.964691162109375 49.65373992919921875 51.812549591064453125 54.14546966552734375 56.83026885986328125 59.832019805908203125 63.056110382080078125 68.5399932861328125 75.19760894775390625 82.2114105224609375 87.92189788818359375 93.49371337890625 97.47435760498046875 102.01889801025390625 109.50980377197265625 113.82720184326171875 118.481201171875 136.1345062255859375 167.6757965087890625 171.8274993896484375 171.671905517578125 172.929595947265625 174.6103973388671875 178.3773956298828125 184.4297027587890625 191.8105926513671875 199.19189453125 207.1259002685546875 215.7899017333984375 226.441192626953125 231.9098052978515625 236.4718017578125 242.7528076171875 251.768707275390625 259.017303466796875 264.4639892578125 273.168792724609375 283.031097412109375 293.4783935546875 -9999 -9999 -9999 -9999 -9999 -9999
54.795379638671875 57.600650787353515625 55.9862213134765625 52.225170135498046875 49.032009124755859375 48.0609283447265625 49.243648529052734375 50.788669586181640625 52.747348785400390625 54.98522186279296875 57.464008331298828125 60.329761505126953125 63.419921875 67.692047119140625 73.36113739013671875 80.25034332275390625 87.027740478515625 92.282806396484375 96.95113372802734375 101.8246002197265625 107.62270355224609375 115.741302490234375 122.281402587890625 130.4998931884765625 154.99420166015625 173.2472991943359375 172.3636016845703125 173.7545928955078125 174.68170166015625 177.24969482421875 182.0670013427734375 188.368499755859375 196.2530975341796875 203.3240966796875 211.3271026611328125 219.8311004638671875 229.2245025634765625 235.662200927734375 240.3594970703125 246.375701904296875 253.2678070068359375 262.75201416015625 267.99481201171875 275.755615234375 284.531005859375 293.655303955078125 -9999 -9999 -9999 -9999 -9999
55.9401702880859375 57.718418121337890625 57.60205078125 53.600658416748046875 50.7373504638671875 49.360569000244140625 50.505550384521484375 51.8758087158203125 53.65219879150390625 55.89550018310546875 58.11660003662109375 60.8440093994140625 63.78617095947265625 67.16323089599609375 72.4343719482421875 78.108001708984375 85.33849334716796875 91.4295806884765625 96.68451690673828125 101.075103759765625 105.772796630859375 113.3831024169921875 132.181304931640625 138.0449981689453125 149.585906982421875 184.1233062744140625 173.0050048828125 174.4253997802734375 175.384796142578125 177.1260986328125 180.4945068359375 185.7512054443359375 192.272003173828125 199.8448944091796875 207.29150390625 215.311004638671875 223.7675018310546875 232.661895751953125 239.6652069091796875 244.089599609375 249.9091949462890625 256.73309326171875 264.22021484375 271.542694091796875 278.603485107421875 286.91510009765625 295.910888671875 -9999 -9999 -9999 -9999
57.117549896240234375 58.82553863525390625 59.100460052490234375 55.254150390625 52.42626953125 50.681499481201171875 51.76142120361328125 57.007541656494140625 55.0945281982421875 57.08535003662109375 59.069080352783203125 61.47190093994140625 64.234130859375 67.44582366943359375 71.72585296630859375 77.16094970703125 83.3695831298828125 90.52950286865234375 96.081329345703125 100.72119903564453125 105.6894989013671875 110.58789825439453125 118.14420318603515625 138.2032928466796875 135.182098388671875 150.6114959716796875 171.2516021728515625 175.260101318359375 176.196502685546875 177.3462982177734375 179.7407073974609375 183.839996337890625 189.4720001220703125 196.18060302734375 203.5724029541015625 211.23919677734375 219.19610595703125 227.5115966796875 236.32110595703125 243.3199005126953125 247.626800537109375 253.2301025390625 259.8970947265625 267.30999755859375 275.101287841796875 281.609893798828125 289.59991455078125 298.398406982421875 -9999 -9999 -9999
59.69551849365234375 58.876689910888671875 59.8610687255859375 60.769138336181640625 56.89678955078125 54.152278900146484375 53.5149688720703125 63.378208160400390625 74.7081298828125 64.36038970947265625 59.8087005615234375 60.213970184326171875 62.211879730224609375 64.79633331298828125 67.9249267578125 71.39687347412109375 76.31194305419921875 82.03209686279296875 88.7047576904296875 95.54991912841796875 100.90019989013671875 105.1342010498046875 109.68489837646484375 115.714996337890625 121.1197967529296875 128.8258056640625 139.2422943115234375 151.85150146484375 164.42669677734375 174.3274993896484375 177.9066009521484375 182.5552978515625 187.381103515625 193.252105712890625 199.9824981689453125 207.3473052978515625 215.1710052490234375 222.983001708984375 231.23089599609375 239.860107421875 246.4987030029296875 250.967498779296875 256.531005859375 263.035003662109375 270.3013916015625 278.27508544921875 284.7838134765625 292.767486572265625 -9999 -9999 -9999
61.29315185546875 60.5457611083984375 60.808551788330078125 62.405609130859375 58.575420379638671875 56.242168426513671875 58.63127899169921875 66.43665313720703125 79.8716278076171875 71.86894989013671875 63.31079864501953125 61.5462493896484375 62.987579345703125 65.350311279296875 68.22292327880859375 71.35376739501953125 76.18438720703125 81.2492218017578125 86.99691009521484375 94.203460693359375 100.31079864501953125 104.97699737548828125 109.8112030029296875 114.6092987060546875 119.8946990966796875 125.772796630859375 133.447906494140625 144.0019989013671875 155.8813018798828125 166.0041961669921875 175.5825042724609375 179.766204833984375 182.173004150390625 185.8834991455078125 190.94970703125 196.8654022216796875 203.7162017822265625 211.077301025390625 218.768096923828125 226.66229248046875 234.846893310546875 243.05389404296875 249.6728057861328125 254.2747955322265625 259.8302001953125 266.18109130859375 273.328887939453125 281.1702880859375 288.212493896484375 296.06170654296875 -9999
62.707859039306640625 62.010478973388671875 61.74163818359375 63.223400115966796875 60.285518646240234375 58.322910308837890625 59.79000091552734375 67.044281005859375 74.09629058837890625 73.79206085205078125 65.13050079345703125 63.1564788818359375 63.97534942626953125 65.91606903076171875 68.5130462646484375 71.7310028076171875 76.6831207275390625 80.96369171142578125 86.22255706787109375 92.610626220703125 100.0290985107421875 104.93329620361328125 109.5348968505859375 114.0478973388671875 118.83809661865234375 124.52809906005859375 130.20440673828125 139.856903076171875 150.6493072509765625 160.1027984619140625 169.0323028564453125 177.4925994873046875 181.9575958251953125 185.08050537109375 189.2740020751953125 194.4490966796875 200.37750244140625 207.3437957763671875 214.7245025634765625 222.372802734375 230.255706787109375 238.3755950927734375 246.2180023193359375 252.8285064697265625 257.590911865234375 263.107696533203125 269.33221435546875 276.43231201171875 284.171600341796875 291.768310546875 299.5386962890625
64.0334930419921875 63.3476104736328125 62.7502899169921875 64.21633148193359375 61.84095001220703125 60.215709686279296875 60.767940521240234375 64.3447723388671875 71.8621673583984375 71.842529296875 66.3575286865234375 64.5750579833984375 65.0149078369140625 66.6888427734375 69.015167236328125 72.10442352294921875 79.146087646484375 80.79029083251953125 85.52613067626953125 91.302001953125 98.59809112548828125 105.35089874267578125 109.50689697265625 114.0030975341796875 118.3448028564453125 123.4405975341796875 128.605194091796875 135.3448944091796875 147.8087005615234375 154.7938995361328125 163.2696075439453125 171.8883056640625 180.039794921875 184.6670074462890625 188.077392578125 192.616302490234375 197.8311004638671875 204.3184967041015625 211.1920013427734375 218.31829833984375 225.8101959228515625 233.7411041259765625 242.143798828125 250.16290283203125 255.948394775390625 260.840087890625 266.341888427734375 272.48388671875 279.571014404296875 287.1929931640625 295.3616943359375
65.30937957763671875 64.560272216796875 64.0113372802734375 65.0782318115234375 63.2657012939453125 61.813720703125 61.777530670166015625 64.17254638671875 69.651947021484375 71.96254730224609375 67.544036865234375 65.849578857421875 66.02359771728515625 67.44500732421875 69.56230926513671875 72.29376983642578125 76.57910919189453125 81.4592437744140625 85.2090911865234375 90.51682281494140625 96.93271636962890625 105.35630035400390625 109.85150146484375 114.3397979736328125 118.31369781494140625 122.82849884033203125 127.55120086669921875 133.16400146484375 141.3582000732421875 150.03759765625 158.350799560546875 166.134796142578125 174.289398193359375 182.5146026611328125 187.5193023681640625 191.1855926513671875 196.666595458984375 203.2017059326171875 209.166107177734375 215.0464019775390625 221.8303070068359375 229.218902587890625 244.2411041259765625 249.49859619140625 253.944000244140625 259.158599853515625 264.080291748046875 269.47088623046875 275.53399658203125 282.5963134765625 289.812591552734375
66.566253662109375 65.73961639404296875 65.17752838134765625 65.76360321044921875 64.6448516845703125 63.226261138916015625 62.77519989013671875 64.21009063720703125 68.15355682373046875 72.7115631103515625 68.7444915771484375 67.07775115966796875 67.00476837158203125 68.1847686767578125 70.16664886474609375 72.55030059814453125 76.05420684814453125 82.1319732666015625 85.1955413818359375 89.738922119140625 96.0460662841796875 103.258697509765625 110.2126007080078125 114.70580291748046875 118.77239990234375 122.70600128173828125 126.95659637451171875 131.61309814453125 137.737396240234375 145.2198944091796875 153.6143035888671875 162.0142059326171875 169.065704345703125 177.0254974365234375 184.688507080078125 190.672607421875 194.6905059814453125 203.4918060302734375 208.8498992919921875 212.84320068359375 218.721893310546875 225.33380126953125 232.72869873046875 253.5316009521484375 260.189910888671875 259.296112060546875 262.614288330078125 267.189910888671875 272.347686767578125 278.249603271484375 284.6907958984375
67.8021087646484375 66.905853271484375 66.31635284423828125 66.3972320556640625 65.9405975341796875 64.53867340087890625 63.7419891357421875 65.0366668701171875 68.0013275146484375 73.04532623291015625 69.905670166015625 68.28692626953125 67.96788787841796875 68.99356842041015625 70.8310699462890625 73.06046295166015625 76.0945587158203125 80.6410064697265625 86.019012451171875 90.3659515380859375 96.08502960205078125 103.671600341796875 111.19550323486328125 117.1670989990234375 120.7245025634765625 122.81150054931640625 127.42459869384765625 131.35980224609375 135.5886993408203125 141.691497802734375 149.0948944091796875 157.7144927978515625 165.82989501953125 172.6605987548828125 180.1804962158203125 187.7642974853515625 193.955596923828125 199.349700927734375 207.417205810546875 212.57659912109375 216.70269775390625 222.455902099609375 228.85650634765625 236.4185943603515625 272.38470458984375 263.576812744140625 262.29620361328125 265.730194091796875 270.0177001953125 274.939605712890625 280.455291748046875
69.00914764404296875 68.0820465087890625 67.45175933837890625 67.095611572265625 67.2642669677734375 65.82480621337890625 64.91629791259765625 65.98291015625 68.0594635009765625 71.834381103515625 71.11042022705078125 69.5119476318359375 68.92696380615234375 69.94834136962890625 71.54620361328125 73.587677001953125 77.149627685546875 81.51619720458984375 88.45397186279296875 92.5327606201171875 97.608917236328125 103.97170257568359375 112.10720062255859375 119.97699737548828125 122.63030242919921875 123.85489654541015625 132.318206787109375 133.727203369140625 135.033599853515625 139.2848968505859375 145.8282012939453125 153.5655975341796875 161.9945068359375 170.002899169921875 176.55499267578125 184.0626983642578125 191.739898681640625 197.1999053955078125 203.3260040283203125 211.052001953125 215.9833984375 220.716094970703125 226.2516021728515625 232.784393310546875 261.260711669921875 266.593902587890625 263.573211669921875 265.1361083984375 268.434295654296875 272.680389404296875 277.498992919921875
70.20850372314453125 69.28753662109375 68.6062469482421875 68.28208160400390625 68.61875152587890625 67.0597076416015625 66.2085418701171875 66.8768768310546875 68.2579803466796875 71.43567657470703125 72.39084625244140625 70.74881744384765625 69.90767669677734375 70.94116973876953125 72.2616729736328125 74.1763763427734375 77.4295806884765625 81.521240234375 88.50396728515625 94.44476318359375 99.0623779296875 104.49379730224609375 113.1009979248046875 121.9163970947265625 125.66629791259765625 125.75260162353515625 132.7751007080078125 136.5171051025390625 135.4676971435546875 138.3865966796875 143.3600006103515625 149.9900970458984375 157.781402587890625 166.2454986572265625 174.3206024169921875 180.6873016357421875 188.3278045654296875 195.968597412109375 201.0785980224609375 207.865203857421875 215.539703369140625 219.602996826171875 224.81719970703125 235.0099029541015625 237.707305908203125 278.21771240234375 265.131195068359375 265.840087890625 267.69000244140625 271.12030029296875 275.488311767578125
71.41245269775390625 70.50981903076171875 69.81186676025390625 69.45599365234375 70.81923675537109375 69.03714752197265625 67.82405853271484375 68.0850830078125 69.0131988525390625 71.47403717041015625 73.953887939453125 72.53214263916015625 71.221038818359375 71.92954254150390625 72.983612060546875 74.829986572265625 77.20124053955078125 82.695556640625 88.1430816650390625 93.90727996826171875 100.6154022216796875 105.4552001953125 112.1219024658203125 119.12149810791015625 128.6725006103515625 128.90960693359375 135.941802978515625 138.293792724609375 135.871795654296875 138.173797607421875 142.3972015380859375 147.4665985107421875 153.926300048828125 161.6999053955078125 170.3238983154296875 178.8018951416015625 184.8578033447265625 192.5391998291015625 200.28460693359375 205.5576934814453125 212.546295166015625 219.56640625 227.92889404296875 242.3480072021484375 243.7353057861328125 257.76690673828125 273.627899169921875 266.7117919921875 267.96881103515625 270.54290771484375 274.099212646484375
72.62802886962890625 71.73465728759765625 71.017486572265625 70.63304901123046875 70.5044097900390625 71.22310638427734375 70.5803680419921875 70.0632781982421875 70.28775787353515625 71.84673309326171875 76.85941314697265625 75.69138336181640625 74.052490234375 73.18872833251953125 73.883056640625 75.64679718017578125 77.674896240234375 81.8387908935546875 88.1640167236328125 94.1723785400390625 101.9521026611328125 106.38829803466796875 110.91339874267578125 115.5771026611328125 123.09940338134765625 137.0475006103515625 142.7942962646484375 140.785003662109375 137.32220458984375 139.369903564453125 142.851806640625 146.8074951171875 151.44830322265625 157.734893798828125 165.48089599609375 174.0785980224609375 182.5258941650390625 188.8755035400390625 196.661102294921875 203.8094940185546875 209.9181976318359375 217.175994873046875 224.6421966552734375 239.4080963134765625 250.131500244140625 256.424285888671875 294.424713134765625 268.157012939453125 268.74578857421875 270.491790771484375 273.4368896484375
73.848663330078125 72.96578216552734375 72.22731781005859375 71.81140899658203125 71.6714324951171875 72.96417236328125 72.64647674560546875 73.28307342529296875 72.44457244873046875 72.51090240478515625 77.345672607421875 78.474700927734375 76.8326568603515625 75.89881134033203125 75.43824005126953125 76.5774078369140625 78.41272735595703125 82.4518280029296875 89.05735015869140625 95.33968353271484375 99.8427734375 106.9268035888671875 110.6179962158203125 114.71779632568359375 119.8852996826171875 132.2209930419921875 149.76849365234375 150.211700439453125 142.8600006103515625 140.4983062744140625 144.982696533203125 149.037506103515625 151.3455047607421875 155.563995361328125 161.3751068115234375 169.0258026123046875 177.3927001953125 185.83770751953125 192.699493408203125 200.55810546875 207.6403961181640625 213.9727935791015625 221.3730926513671875 229.281005859375 239.581695556640625 249.023193359375 258.567108154296875 295.671112060546875 270.040313720703125 270.81890869140625 273.029205322265625
75.0543670654296875 74.18007659912109375 73.43618011474609375 72.96607208251953125 72.8778076171875 74.07550811767578125 74.31897735595703125 76.27738189697265625 74.904632568359375 74.327850341796875 77.10675811767578125 80.2563323974609375 78.7595062255859375 77.75673675537109375 77.05922698974609375 77.72466278076171875 79.26644134521484375 84.06630706787109375 89.16152191162109375 97.90606689453125 100.247802734375 105.05339813232421875 111.1605987548828125 116.39839935302734375 120.5879974365234375 125.98870086669921875 140.1580047607421875 154.0930938720703125 148.5511932373046875 143.9304962158203125 150.8708953857421875 154.536895751953125 155.06640625 155.144195556640625 159.2115936279296875 165.34930419921875 172.6219024658203125 180.438507080078125 188.12750244140625 196.66619873046875 203.6558074951171875 211.2881011962890625 218.064697265625 225.10980224609375 233.395294189453125 242.038299560546875 250.2960968017578125 258.920989990234375 268.143707275390625 271.656494140625 273.3546142578125
76.240936279296875 75.37738037109375 74.63176727294921875 74.10762786865234375 74.0653076171875 74.44049072265625 76.24762725830078125 77.91075897216796875 76.67476654052734375 76.021209716796875 77.18250274658203125 81.6246185302734375 80.25089263916015625 79.24725341796875 78.55986785888671875 79.062591552734375 81.3843231201171875 85.969329833984375 91.1337127685546875 99.9408721923828125 102.75229644775390625 105.63809967041015625 111.2870025634765625 117.612701416015625 121.27159881591796875 124.52429962158203125 132.9279022216796875 146.4949951171875 150.4846954345703125 148.927093505859375 156.7527008056640625 160.2382965087890625 162.1248016357421875 157.9503936767578125 158.4911956787109375 162.8321990966796875 169.5782928466796875 176.328399658203125 183.489105224609375 190.4868011474609375 198.149200439453125 207.519805908203125 216.309295654296875 221.8274993896484375 228.7364959716796875 236.5948028564453125 244.1255950927734375 251.4152984619140625 259.536407470703125 267.793487548828125 273.68798828125
77.4148406982421875 76.5610809326171875 75.81253814697265625 75.25832366943359375 75.21031951904296875 75.191436767578125 77.212860107421875 79.06197357177734375 78.08881378173828125 77.5125274658203125 77.8102569580078125 80.8403472900390625 81.62933349609375 80.70313262939453125 80.6772613525390625 81.63111114501953125 83.78144073486328125 87.75649261474609375 93.02208709716796875 98.76104736328125 106.2406005859375 107.611602783203125 110.6569976806640625 115.084197998046875 122.07340240478515625 125.24069976806640625 130.3614959716796875 140.027801513671875 152.75860595703125 150.67889404296875 155.0511932373046875 164.3112030029296875 167.6681976318359375 164.9232025146484375 158.941192626953125 162.002197265625 169.1851959228515625 175.67340087890625 181.135101318359375 186.8040924072265625 193.186004638671875 200.1504058837890625 207.7877960205078125 216.805999755859375 225.474700927734375 232.11590576171875 239.2433929443359375 246.392303466796875 253.1566925048828125 260.356109619140625 269.320587158203125
78.5867919921875 77.7365570068359375 76.97580718994140625 76.41410064697265625 76.35301971435546875 76.33551788330078125 77.745086669921875 79.8966064453125 79.3935089111328125 78.8563690185546875 78.58963775634765625 80.69573211669921875 83.02468109130859375 82.23462677001953125 82.72878265380859375 84.3977508544921875 86.0307464599609375 89.5210418701171875 94.72881317138671875 100.3014984130859375 107.922698974609375 109.6414031982421875 110.44499969482421875 114.63449859619140625 120.65399932861328125 125.71849822998046875 129.0254058837890625 136.872100830078125 147.79150390625 152.11090087890625 152.9871063232421875 160.623504638671875 168.617401123046875 171.027099609375 160.7913055419921875 161.9770050048828125 167.083404541015625 173.9673004150390625 180.6678009033203125 185.766998291015625 190.1363983154296875 196.0028076171875 202.860504150390625 210.0673980712890625 217.5570068359375 225.4788970947265625 234.2942047119140625 242.3036956787109375 248.3914947509765625 255.54559326171875 264.54888916015625
79.78436279296875 78.910247802734375 78.14452362060546875 77.57672882080078125 77.46199798583984375 77.49027252197265625 78.23909759521484375 80.36756134033203125 80.64659881591796875 80.1272430419921875 79.688751220703125 81.53690338134765625 84.68965911865234375 84.31107330322265625 85.34279632568359375 87.07256317138671875 88.39479827880859375 91.62200927734375 96.316436767578125 101.343902587890625 106.76519775390625 111.42859649658203125 111.82649993896484375 115.94940185546875 120.4813995361328125 125.4105987548828125 128.5503997802734375 132.8831024169921875 142.3058929443359375 153.6313934326171875 152.7519073486328125 157.230194091796875 165.4579925537109375 171.4980926513671875 162.601898193359375 162.112396240234375 165.6587982177734375 171.0153045654296875 178.012298583984375 185.22760009765625 189.2371978759765625 193.436492919921875 199.2588958740234375 205.70489501953125 212.67120361328125 220.0438995361328125 227.7303009033203125 235.7725982666015625 243.6165924072265625 251.4528045654296875 260.263214111328125
80.979461669921875 80.08573150634765625 79.32205963134765625 78.7408294677734375 78.5535888671875 78.6301727294921875 78.76451873779296875 80.9259033203125 81.940460205078125 81.4332427978515625 81.25839996337890625 82.58303070068359375 85.20245361328125 86.9895172119140625 87.9586334228515625 89.65438079833984375 90.94261932373046875 93.60296630859375 97.3333892822265625 101.748199462890625 107.16950225830078125 112.11859893798828125 114.12290191650390625 116.92800140380859375 120.46099853515625 123.95600128173828125 128.3993988037109375 131.4718017578125 137.3074951171875 146.4160003662109375 154.00360107421875 155.8029022216796875 161.4391937255859375 171.7205963134765625 164.238494873046875 162.5709991455078125 165.2079010009765625 169.6300048828125 176.07440185546875 181.509002685546875 188.6277008056640625 192.48089599609375 197.0196075439453125 202.63250732421875 208.5247955322265625 215.63690185546875 222.83380126953125 230.3679962158203125 238.6616058349609375 246.3256988525390625 253.4656982421875
82.19834136962890625 81.27411651611328125 80.50420379638671875 79.8778228759765625 79.66393280029296875 79.76043701171875 79.791107177734375 82.4293365478515625 83.631378173828125 82.817352294921875 83.01244354248046875 84.40590667724609375 87.22104644775390625 89.615936279296875 90.17552947998046875 91.837249755859375 93.3696136474609375 95.47283935546875 98.45501708984375 101.8636016845703125 106.78759765625 112.17400360107421875 116.297698974609375 117.64569854736328125 120.38500213623046875 123.545501708984375 126.76560211181640625 130.7274932861328125 134.71240234375 142.1584930419921875 150.586395263671875 155.5717926025390625 159.304901123046875 166.118194580078125 165.7281951904296875 163.14990234375 165.122100830078125 168.670501708984375 173.5782012939453125 182.550201416015625 185.6083984375 191.8592071533203125 195.800201416015625 200.834197998046875 205.9535064697265625 211.8932037353515625 219.16180419921875 226.1759033203125 234.035797119140625 242.0299072265625 249.1042938232421875
