data/pcs/fire_arrival_time_translated.asc
ncols        125
nrows        102
xllcorner    567571.354749309947
yllcorner    4824355.574259799905
cellsize     30.000000000000
NODATA_value -9999
[rows 23 to 45 of 102, columns 51 to 101 of 125]
16.164270401000976562 22.614849090576171875 29.399120330810546875 36.45864105224609375 63.121150970458984375 88.43460845947265625 114.291900634765625 117.20989990234375 121.72820281982421875 122.95880126953125 127.2751007080078125 133.0500946044921875 139.7303009033203125 147.1371002197265625 155.2487030029296875 163.9445037841796875 173.1920928955078125 247.983795166015625 299.556793212890625 257.76019287109375 254.4340972900390625 258.368499755859375 262.898101806640625 269.7244873046875 273.231903076171875 282.753692626953125 291.36370849609375 -9999 -9999 -9999 -9999 -9999 -9999 -9999 -9999 -9999 -9999 -9999 -9999 -9999 -9999 -9999 -9999 -9999 -9999 -9999 -9999 -9999 -9999 -9999 -9999
15.600839614868164062 20.395250320434570312 26.782209396362304688 33.761749267578125 41.609100341796875 71.56661224365234375 119.410003662109375 107.3878021240234375 106.663299560546875 109.5238037109375 126.45909881591796875 131.059295654296875 137.1963043212890625 143.515594482421875 150.649505615234375 158.51300048828125 167.135406494140625 194.8704071044921875 287.25311279296875 278.991790771484375 258.83099365234375 261.030303955078125 264.13751220703125 267.013885498046875 270.6951904296875 276.640411376953125 284.212493896484375 293.16180419921875 -9999 -9999 -9999 -9999 -9999 -9999 -9999 -9999 -9999 -9999 -9999 -9999 -9999 -9999 -9999 -9999 -9999 -9999 -9999 -9999 -9999 -9999 -9999
15.451560020446777344 19.844980239868164062 24.821710586547851562 31.406709671020507812 38.245830535888671875 46.393341064453125 58.92581939697265625 69.9089202880859375 80.87680816650390625 97.99243927001953125 123.973297119140625 131.85809326171875 136.229400634765625 141.2458038330078125 147.5128021240234375 154.3119964599609375 161.8907928466796875 170.442901611328125 242.9897003173828125 -9999 265.657012939453125 261.191009521484375 266.429107666015625 267.542205810546875 270.24951171875 273.812103271484375 280.071685791015625 286.56048583984375 295.037811279296875 -9999 -9999 -9999 -9999 -9999 -9999 -9999 -9999 -9999 -9999 -9999 -9999 -9999 -9999 -9999 -9999 -9999 -9999 -9999 -9999 -9999 -9999
15.918950080871582031 19.469579696655273438 24.154420852661132812 29.331920623779296875 35.9377288818359375 42.635059356689453125 50.221771240234375 58.387401580810546875 68.27945709228515625 78.912078857421875 89.3619537353515625 110.84490203857421875 139.60809326171875 141.5431976318359375 145.8874969482421875 151.7841949462890625 158.10980224609375 165.64520263671875 174.0872955322265625 263.117706298828125 299.749298095703125 262.046905517578125 264.396697998046875 269.04998779296875 271.334503173828125 273.43328857421875 277.699188232421875 283.470489501953125 291.204193115234375 -9999 -9999 -9999 -9999 -9999 -9999 -9999 -9999 -9999 -9999 -9999 -9999 -9999 -9999 -9999 -9999 -9999 -9999 -9999 -9999 -9999 -9999
16.80081939697265625 19.511209487915039062 23.639280319213867188 28.59922027587890625 34.00315093994140625 40.425708770751953125 47.084270477294921875 54.217388153076171875 62.358661651611328125 71.9871063232421875 81.91443634033203125 92.0107269287109375 126.29850006103515625 147.3267974853515625 148.3733062744140625 150.5977935791015625 155.6605987548828125 161.8824005126953125 170.0727996826171875 189.9344024658203125 294.27740478515625 264.639312744140625 264.859588623046875 268.599090576171875 252.0012054443359375 264.60919189453125 278.49810791015625 281.59991455078125 289.655792236328125 -9999 -9999 -9999 -9999 -9999 -9999 -9999 -9999 -9999 -9999 -9999 -9999 -9999 -9999 -9999 -9999 -9999 -9999 -9999 -9999 -9999 -9999
17.65991973876953125 19.909849166870117188 23.550699234008789062 27.984189987182617188 33.12622833251953125 38.974819183349609375 45.24485015869140625 51.721439361572265625 58.434810638427734375 66.45449066162109375 75.5748291015625 85.0234832763671875 94.93544769287109375 143.105499267578125 152.0753936767578125 150.725799560546875 154.4022064208984375 159.4546966552734375 167.016204833984375 184.4739990234375 234.1038970947265625 268.502410888671875 257.028594970703125 252.9199066162109375 232.4922027587890625 241.403900146484375 261.720611572265625 281.0255126953125 281.536895751953125 -9999 -9999 -9999 -9999 -9999 -9999 -9999 -9999 -9999 -9999 -9999 -9999 -9999 -9999 -9999 -9999 -9999 -9999 -9999 -9999 -9999 -9999
18.721330642700195312 20.739400863647460938 23.662109375 27.673809051513671875 32.569850921630859375 41.06713104248046875 44.965118408203125 50.502529144287109375 56.334930419921875 62.829071044921875 70.78009033203125 79.44817352294921875 88.514068603515625 115.0399017333984375 160.21099853515625 150.899505615234375 154.522705078125 158.1631011962890625 165.0218048095703125 175.9593963623046875 225.283294677734375 216.7953033447265625 216.88189697265625 225.3549957275390625 217.3623046875 227.5926971435546875 238.011505126953125 247.99609375 257.6317138671875 274.678314208984375 -9999 -9999 -9999 -9999 -9999 -9999 -9999 -9999 -9999 -9999 -9999 -9999 -9999 -9999 -9999 -9999 -9999 -9999 -9999 -9999 -9999
20.152679443359375 21.58563995361328125 23.932100296020507812 27.823480606079101562 32.232738494873046875 41.733921051025390625 46.41764068603515625 50.129058837890625 55.07946014404296875 60.722980499267578125 67.530517578125 75.1976165771484375 83.3712310791015625 92.377471923828125 104.9141998291015625 115.73580169677734375 127.5178985595703125 138.5644989013671875 150.5529022216796875 163.9828948974609375 181.252197265625 191.0424957275390625 197.739593505859375 207.5225067138671875 203.173004150390625 213.56500244140625 224.126495361328125 234.60260009765625 244.5435028076171875 259.946990966796875 277.038787841796875 286.265289306640625 -9999 -9999 -9999 -9999 -9999 -9999 -9999 -9999 -9999 -9999 -9999 -9999 -9999 -9999 -9999 -9999 -9999 -9999 -9999
21.606609344482421875 22.498529434204101562 24.7155609130859375 27.972959518432617188 32.0181884765625 36.9085693359375 47.80413055419921875 50.67430877685546875 54.432720184326171875 59.354888916015625 65.3731231689453125 72.14642333984375 79.6246490478515625 87.5113525390625 96.3739776611328125 105.52069854736328125 116.1053009033203125 126.15200042724609375 138.2563018798828125 156.9752960205078125 167.0807952880859375 172.5771026611328125 183.1674041748046875 192.9998931884765625 190.5720062255859375 201.338897705078125 211.868804931640625 222.1925048828125 233.3881988525390625 244.318206787109375 254.083404541015625 266.6763916015625 281.329986572265625 -9999 -9999 -9999 -9999 -9999 -9999 -9999 -9999 -9999 -9999 -9999 -9999 -9999 -9999 -9999 -9999 -9999 -9999
23.016490936279296875 23.564970016479492188 25.480569839477539062 28.09268951416015625 32.0804595947265625 36.4211883544921875 42.607120513916015625 51.29405975341796875 54.62638092041015625 59.048130035400390625 64.1094207763671875 69.991241455078125 76.7288818359375 84.15511322021484375 92.1404571533203125 100.63379669189453125 109.56999969482421875 118.39990234375 127.10019683837890625 136.6331024169921875 146.2637939453125 156.8470001220703125 168.189605712890625 179.749298095703125 179.9333038330078125 190.23699951171875 200.584197998046875 211.054595947265625 225.414093017578125 237.779693603515625 248.838897705078125 258.957305908203125 273.0675048828125 293.79998779296875 -9999 -9999 -9999 -9999 -9999 -9999 -9999 -9999 -9999 -9999 -9999 -9999 -9999 -9999 -9999 -9999 -9999
24.4389190673828125 24.99337005615234375 26.440359115600585938 28.77841949462890625 32.06855010986328125 36.10533905029296875 41.02645111083984375 48.18402099609375 55.31079864501953125 58.967189788818359375 63.380218505859375 68.66100311279296875 74.57613372802734375 81.455596923828125 89.0478973388671875 97.01354217529296875 104.98310089111328125 113.51580047607421875 122.22540283203125 130.143096923828125 138.4745025634765625 148.2483978271484375 158.55499267578125 169.2046966552734375 171.369598388671875 181.8000030517578125 191.568603515625 205.066192626953125 217.5471954345703125 234.9004058837890625 247.0966033935546875 257.32000732421875 266.973907470703125 281.07281494140625 -9999 -9999 -9999 -9999 -9999 -9999 -9999 -9999 -9999 -9999 -9999 -9999 -9999 -9999 -9999 -9999 -9999
25.887830734252929688 26.456800460815429688 27.43495941162109375 29.473649978637695312 32.142730712890625 35.926300048828125 40.20536041259765625 45.92671966552734375 53.603908538818359375 59.409099578857421875 63.475231170654296875 67.9853363037109375 73.3519134521484375 79.2518768310546875 86.6227569580078125 94.1783599853515625 101.92230224609375 109.35559844970703125 117.782501220703125 125.9691009521484375 133.7509002685546875 141.6172027587890625 150.7494964599609375 160.664093017578125 163.6049041748046875 173.7942047119140625 183.8170928955078125 193.2859039306640625 208.136199951171875 227.3135986328125 242.9109039306640625 255.3961944580078125 266.105804443359375 274.290313720703125 284.381805419921875 296.0006103515625 -9999 -9999 -9999 -9999 -9999 -9999 -9999 -9999 -9999 -9999 -9999 -9999 -9999 -9999 -9999
27.69181060791015625 27.93988037109375 28.497640609741210938 30.379199981689453125 32.797939300537109375 35.85565185546875 39.709239959716796875 44.524658203125 50.79254150390625 60.172771453857421875 63.6358795166015625 67.53730010986328125 72.5679779052734375 78.27691650390625 84.4969635009765625 91.804931640625 99.25274658203125 106.7472991943359375 114.0630035400390625 122.74160003662109375 130.1157989501953125 137.4044952392578125 145.285003662109375 153.738494873046875 159.2165069580078125 169.028900146484375 177.994903564453125 187.85009765625 196.289703369140625 212.3583984375 231.271392822265625 249.252593994140625 256.31610107421875 265.688995361328125 276.33758544921875 288.45379638671875 292.99249267578125 -9999 -9999 -9999 -9999 -9999 -9999 -9999 -9999 -9999 -9999 -9999 -9999 -9999 -9999
29.59149932861328125 29.4422607421875 29.954559326171875 31.374950408935546875 33.451641082763671875 36.074329376220703125 39.58081817626953125 43.6597900390625 48.816799163818359375 55.293361663818359375 63.844371795654296875 67.86353302001953125 72.3173828125 77.81233978271484375 83.3795928955078125 89.707366943359375 96.82782745361328125 104.2447967529296875 111.656402587890625 122.06479644775390625 127.98310089111328125 134.013702392578125 141.1248931884765625 149.9499969482421875 154.519195556640625 164.0503997802734375 174.697601318359375 185.5641021728515625 192.9705963134765625 201.4604034423828125 217.393707275390625 228.017303466796875 240.3621978759765625 250.4770965576171875 260.074188232421875 269.497802734375 279.045196533203125 289.012786865234375 -9999 -9999 -9999 -9999 -9999 -9999 -9999 -9999 -9999 -9999 -9999 -9999 -9999
37.86859893798828125 31.146099090576171875 32.0273895263671875 32.362819671630859375 34.263149261474609375 36.77008056640625 39.659030914306640625 43.241718292236328125 47.640010833740234375 52.663970947265625 59.1017608642578125 68.05623626708984375 72.22601318359375 78.05222320556640625 82.9883270263671875 88.10504913330078125 94.57537841796875 101.66300201416015625 111.71959686279296875 125.06870269775390625 131.0316925048828125 132.6284942626953125 139.1383056640625 145.489593505859375 149.250701904296875 156.1313018798828125 163.8917999267578125 191.0637054443359375 197.8325958251953125 203.001495361328125 212.1383056640625 220.5989990234375 229.5740966796875 240.02130126953125 250.12750244140625 258.866912841796875 267.596405029296875 277.631011962890625 292.62701416015625 -9999 -9999 -9999 -9999 -9999 -9999 -9999 -9999 -9999 -9999 -9999 -9999
44.032390594482421875 41.81330108642578125 52.242839813232421875 33.49217987060546875 35.386749267578125 37.529880523681640625 40.159259796142578125 43.412128448486328125 46.88835906982421875 51.604320526123046875 58.54309844970703125 65.73201751708984375 72.70433807373046875 77.5874176025390625 83.0327606201171875 87.53057098388671875 92.5366363525390625 99.19069671630859375 106.50299835205078125 -9999 134.8379058837890625 132.944000244140625 138.924896240234375 145.066192626953125 148.3325042724609375 152.7321014404296875 159.4651947021484375 173.1089019775390625 207.27850341796875 208.4405059814453125 211.101806640625 216.6681976318359375 223.9501953125 234.600799560546875 245.1287994384765625 252.42669677734375 260.416412353515625 269.803009033203125 282.6044921875 -9999 -9999 -9999 -9999 -9999 -9999 -9999 -9999 -9999 -9999 -9999 -9999
45.847629547119140625 43.9496002197265625 46.61930084228515625 35.87841033935546875 36.479450225830078125 38.3170013427734375 40.86669158935546875 43.743099212646484375 47.15206146240234375 50.739109039306640625 58.063060760498046875 65.42035675048828125 73.1488037109375 78.112579345703125 83.176177978515625 87.367950439453125 91.6743316650390625 96.99387359619140625 103.68419647216796875 123.4449005126953125 141.3582000732421875 135.115997314453125 138.8578948974609375 144.699005126953125 148.51849365234375 151.688995361328125 158.00830078125 167.1616973876953125 186.9893951416015625 201.1631011962890625 214.470001220703125 215.0511016845703125 220.5236968994140625 228.8583984375 242.472198486328125 250.1197052001953125 256.178802490234375 265.148895263671875 275.909210205078125 297.6527099609375 -9999 -9999 -9999 -9999 -9999 -9999 -9999 -9999 -9999 -9999 -9999
47.412811279296875 45.24974822998046875 44.4127197265625 38.147640228271484375 37.688518524169921875 39.365398406982421875 41.599620819091796875 44.303730010986328125 47.47837066650390625 50.816898345947265625 57.29489898681640625 66.339691162109375 71.71823883056640625 80.2344512939453125 82.04842376708984375 87.653228759765625 91.12589263916015625 95.73264312744140625 101.46759796142578125 108.58480072021484375 150.6743927001953125 142.974700927734375 141.87579345703125 145.0923004150390625 148.4759979248046875 151.6128997802734375 162.072906494140625 173.5720977783203125 183.096893310546875 196.9770965576171875 207.504302978515625 215.102203369140625 218.8867034912109375 224.2541046142578125 234.8074951171875 243.565704345703125 255.269805908203125 261.7467041015625 272.3612060546875 282.73480224609375 -9999 -9999 -9999 -9999 -9999 -9999 -9999 -9999 -9999 -9999 -9999
49.149448394775390625 47.1162109375 45.074970245361328125 39.99040985107421875 38.996189117431640625 40.46572113037109375 42.383289337158203125 44.941070556640625 47.865329742431640625 51.15312957763671875 56.004680633544921875 64.7563934326171875 70.94387054443359375 76.8098297119140625 82.4244537353515625 85.9468231201171875 90.99327850341796875 94.98352813720703125 99.875152587890625 106.10849761962890625 128.7554931640625 152.1313934326171875 147.3513946533203125 146.827606201171875 148.3957977294921875 154.7035980224609375 165.5177001953125 176.90960693359375 187.52520751953125 204.1085052490234375 208.541107177734375 212.73980712890625 218.414306640625 222.541107177734375 227.922393798828125 235.914703369140625 245.4535064697265625 254.985992431640625 267.801788330078125 276.426513671875 284.18389892578125 -9999 -9999 -9999 -9999 -9999 -9999 -9999 -9999 -9999 -9999
49.401119232177734375 48.88861846923828125 46.207061767578125 41.70121002197265625 40.337070465087890625 41.58152008056640625 43.215099334716796875 45.60128021240234375 48.456089019775390625 51.6088104248046875 55.118320465087890625 62.35575103759765625 70.487213134765625 75.339202880859375 81.6235809326171875 85.80718231201171875 90.6791229248046875 94.57843780517578125 99.11995697021484375 104.32160186767578125 111.4308013916015625 131.228607177734375 154.4615020751953125 148.35040283203125 154.983306884765625 159.2738037109375 167.62359619140625 175.5612945556640625 182.4799041748046875 209.543792724609375 213.818695068359375 213.84979248046875 218.39190673828125 221.576507568359375 226.1399993896484375 231.6719970703125 240.1436004638671875 249.15240478515625 260.1842041015625 272.888885498046875 283.69891357421875 289.18218994140625 -9999 -9999 -9999 -9999 -9999 -9999 -9999 -9999 -9999
50.332241058349609375 50.552768707275390625 48.21820068359375 49.688419342041015625 41.692230224609375 42.847869873046875 44.346179962158203125 46.51628875732421875 49.143741607666015625 52.1371307373046875 55.357669830322265625 60.03044891357421875 67.40316009521484375 74.5563812255859375 79.790283203125 86.22994232177734375 89.71920013427734375 94.603973388671875 98.52017974853515625 103.41449737548828125 109.38690185546875 117.652801513671875 139.972900390625 155.169097900390625 163.0644073486328125 164.4700927734375 168.8675994873046875 172.5023040771484375 179.7238006591796875 186.774200439453125 201.09759521484375 211.23199462890625 217.466705322265625 221.57159423828125 225.13250732421875 229.7960052490234375 236.209197998046875 245.6266021728515625 254.377197265625 265.031707763671875 284.272613525390625 292.219512939453125 294.309600830078125 -9999 -9999 -9999 -9999 -9999 -9999 -9999 -9999
51.257061004638671875 52.25363922119140625 50.55960845947265625 47.771091461181640625 43.36479949951171875 44.13339996337890625 45.53607940673828125 47.504520416259765625 49.95259857177734375 52.7267913818359375 55.805110931396484375 59.188350677490234375 64.74224853515625 72.297821044921875 78.9633026123046875 84.5227203369140625 89.79662322998046875 94.14005279541015625 98.18865966796875 102.65650177001953125 108.34439849853515625 114.5561981201171875 124.14749908447265625 169.418792724609375 170.9044036865234375 167.9300994873046875 169.9822998046875 171.6454925537109375 176.4149932861328125 183.73779296875 190.4723968505859375 200.5863037109375 211.5641021728515625 221.212799072265625 224.7910003662109375 228.8343048095703125 234.163604736328125 243.74639892578125 251.93389892578125 257.89691162109375 269.627899169921875 287.2650146484375 293.6256103515625 298.721099853515625 -9999 -9999 -9999 -9999 -9999 -9999 -9999
52.39508056640625 54.11843109130859375 52.57032012939453125 49.840419769287109375 45.45005035400390625 45.4360198974609375 46.7579193115234375 48.531581878662109375 50.844318389892578125 53.38478851318359375 56.316059112548828125 59.4636688232421875 63.707050323486328125 70.0507965087890625 77.271636962890625 83.4606170654296875 89.2959136962890625 93.3650970458984375 98.29167938232421875 103.10150146484375 107.8856964111328125 113.4048004150390625 119.85939788818359375 151.09039306640625 185.12860107421875 169.6697998046875 170.9322967529296875 172.0471954345703125 174.67919921875 180.3726959228515625 187.778594970703125 194.8553924560546875 202.83740234375 213.3529052734375 223.9779052734375 228.1699981689453125 232.62969970703125 238.836395263671875 250.367401123046875 255.55999755859375 261.1671142578125 273.55810546875 284.01568603515625 294.840606689453125 -9999 -9999 -9999 -9999 -9999 -9999 -9999
