data/pcs/fire_arrival_time.asc
ncols         125
nrows         102
xllcorner     568171.35474931
yllcorner     4824955.5742598
cellsize      30
NODATA_value  -9999
[rows 30 to 59 of 102, columns 0 to 68 of 125]
-9999 -9999 -9999 -9999 -9999 -9999 -9999 -9999 -9999 -9999 -9999 -9999 -9999 -9999 -9999 -9999 -9999 -9999 -9999 -9999 -9999 -9999 -9999 -9999 -9999 -9999 -9999 293.3306 281.6086 272.7127 -9999 -9999 -9999 -9999 -9999 -9999 -9999 -9999 -9999 -9999 78.62697 67.41032 58.6043 50.74485 43.2703 36.71707 30.99229 26.84333 26.15009 22.66435 19.93844 20.15268 21.58564 23.9321 27.82348 32.23274 41.73392 46.41764 50.12906 55.07946 60.72298 67.53052 75.19762 83.37123 92.37747 104.9142 115.7358 127.5179 138.5645
-9999 -9999 -9999 -9999 -9999 -9999 -9999 -9999 -9999 -9999 -9999 -9999 -9999 -9999 -9999 -9999 -9999 -9999 -9999 -9999 -9999 -9999 -9999 -9999 -9999 -9999 -9999 293.7262 284.1081 277.4183 283.5568 -9999 -9999 -9999 247.7006 246.261 -9999 -9999 -9999 112.6462 78.10509 67.92162 58.71342 51.12206 44.18965 38.01905 32.63945 29.24687 32.47019 26.19114 22.06522 21.60661 22.49853 24.71556 27.97296 32.01819 36.90857 47.80413 50.67431 54.43272 59.35489 65.37312 72.14642 79.62465 87.51135 96.37398 105.5207 116.1053 126.152
-9999 -9999 -9999 -9999 -9999 -9999 -9999 -9999 -9999 -9999 -9999 -9999 -9999 -9999 -9999 -9999 -9999 -9999 -9999 -9999 -9999 -9999 -9999 -9999 -9999 -9999 -9999 296.1276 287.72 287.3597 283.377 -9999 251.0593 226.7517 204.5691 201.5108 244.5082 292.2139 232.4993 96.47731 77.96575 72.79571 59.39133 51.8681 45.22538 39.41483 34.44679 31.66897 34.48293 27.76561 24.01802 23.01649 23.56497 25.48057 28.09269 32.08046 36.42119 42.60712 51.29406 54.62638 59.04813 64.10942 69.99124 76.72888 84.15511 92.14046 100.6338 109.57 118.3999
-9999 -9999 -9999 -9999 -9999 -9999 -9999 -9999 -9999 -9999 -9999 -9999 -9999 -9999 -9999 -9999 -9999 -9999 -9999 -9999 -9999 -9999 -9999 -9999 -9999 -9999 -9999 -9999 298.2681 294.5654 249.1992 234.2821 223.5446 200.0791 174.3573 158.0652 139.4413 132.5634 131.0194 89.49838 77.88757 67.24462 60.56152 57.54873 46.65554 40.99564 36.22677 33.83149 34.48382 29.46064 25.8715 24.43892 24.99337 26.44036 28.77842 32.06855 36.10534 41.02645 48.18402 55.3108 58.96719 63.38022 68.661 74.57613 81.4556 89.0479 97.01354 104.9831 113.5158
-9999 -9999 -9999 -9999 -9999 -9999 -9999 -9999 -9999 -9999 -9999 -9999 -9999 -9999 -9999 -9999 -9999 -9999 -9999 -9999 -9999 -9999 -9999 -9999 -9999 -9999 -9999 -9999 -9999 272.7772 218.5769 203.6064 191.3549 170.2801 154.85 141.1257 126.8619 112.6825 100.6908 84.23443 74.57204 66.5829 62.21832 55.44895 48.16506 42.62115 37.99791 35.64168 35.2293 31.00551 27.71476 25.88783 26.4568 27.43496 29.47365 32.14273 35.9263 40.20536 45.92672 53.60391 59.4091 63.47523 67.98534 73.35191 79.25188 86.62276 94.17836 101.9223 109.3556
-9999 -9999 -9999 -9999 -9999 -9999 -9999 -9999 -9999 -9999 -9999 -9999 -9999 -9999 -9999 -9999 -9999 -9999 -9999 -9999 -9999 -9999 -9999 -9999 -9999 -9999 -9999 272.8349 276.4615 245.2247 197.6108 186.9743 170.7412 157.706 144.4172 130.0853 115.8865 103.0929 92.18268 81.21645 73.69343 67.26428 63.95261 55.32545 49.78305 44.24426 39.79012 37.46138 36.0308 32.5457 29.48214 27.69181 27.93988 28.49764 30.3792 32.79794 35.85565 39.70924 44.52466 50.79254 60.17277 63.63588 67.5373 72.56798 78.27692 84.49696 91.80493 99.25275 106.7473
-9999 -9999 -9999 -9999 -9999 -9999 -9999 -9999 -9999 -9999 -9999 -9999 -9999 -9999 -9999 -9999 -9999 -9999 -9999 -9999 -9999 -9999 -9999 -9999 -9999 299.307 273.439 251.792 234.8762 206.4396 189.164 176.0437 162.9111 149.0841 134.9124 121.3062 109.9378 99.23734 88.56281 80.8828 73.60279 68.46056 64.37727 57.06292 51.37589 45.9415 41.57744 39.30937 37.79991 34.75306 31.65707 29.5915 29.44226 29.95456 31.37495 33.45164 36.07433 39.58082 43.65979 48.8168 55.29336 63.84437 67.86353 72.31738 77.81234 83.37959 89.70737 96.82783 104.2448
-9999 -9999 -9999 -9999 -9999 -9999 -9999 -9999 -9999 -9999 -9999 -9999 -9999 -9999 -9999 -9999 -9999 -9999 -9999 -9999 -9999 -9999 -9999 -9999 295.3338 283.536 269.6529 248.8918 219.7462 198.8737 183.1192 169.6455 155.8445 143.3462 130.3321 117.3676 106.7106 96.10793 88.10099 80.6711 73.895 69.67536 64.52741 58.70369 52.90367 47.70501 43.51291 41.12437 39.55429 37.56264 52.33838 37.8686 31.1461 32.02739 32.36282 34.26315 36.77008 39.65903 43.24172 47.64001 52.66397 59.10176 68.05624 72.22601 78.05222 82.98833 88.10505 94.57538 101.663
-9999 -9999 -9999 -9999 -9999 -9999 -9999 -9999 -9999 -9999 -9999 -9999 -9999 -9999 -9999 -9999 -9999 -9999 -9999 -9999 -9999 -9999 -9999 297.6956 280.1328 262.927 247.4824 226.7552 208.0745 193.0402 177.6122 165.2523 152.6231 139.375 126.4116 114.9394 103.6868 95.55709 87.72041 80.7524 74.49171 70.88035 65.00604 60.24972 54.41313 49.52068 45.45559 43.02396 41.35911 39.56824 44.74128 44.03239 41.8133 52.24284 33.49218 35.38675 37.52988 40.15926 43.41213 46.88836 51.60432 58.5431 65.73202 72.70434 77.58742 83.03276 87.53057 92.53664 99.1907
-9999 -9999 -9999 -9999 -9999 -9999 -9999 -9999 -9999 -9999 -9999 -9999 -9999 -9999 -9999 -9999 -9999 -9999 -9999 -9999 -9999 -9999 -9999 292.0086 274.4918 257.3634 237.0637 219.2612 203.0387 186.8722 176.292 164.1543 151.3636 138.1052 125.8942 115.5209 103.2477 94.93764 87.71904 81.31184 75.74268 72.11868 66.84713 62.83062 56.13111 51.4147 47.45793 44.96961 43.20378 41.78205 43.93953 45.84763 43.9496 46.6193 35.87841 36.47945 38.317 40.86669 43.7431 47.15206 50.73911 58.06306 65.42036 73.1488 78.11258 83.17618 87.36795 91.67433 96.99387
-9999 -9999 -9999 -9999 -9999 -9999 -9999 -9999 -9999 -9999 -9999 -9999 -9999 -9999 -9999 -9999 -9999 -9999 -9999 -9999 -9999 -9999 -9999 288.4606 270.4384 250.451 254.3404 -9999 -9999 -9999 176.4422 -9999 152.0335 -9999 -9999 -9999 -9999 94.73551 87.92967 81.95863 77.01407 73.74833 70.34662 66.70701 57.90826 53.32925 49.48758 46.89622 45.06984 44.01096 44.77721 47.41281 45.24975 44.41272 38.14764 37.68852 39.3654 41.59962 44.30373 47.47837 50.8169 57.2949 66.33969 71.71824 80.23445 82.04842 87.65323 91.12589 95.73264
-9999 -9999 -9999 -9999 -9999 -9999 -9999 -9999 -9999 -9999 -9999 -9999 -9999 -9999 -9999 -9999 -9999 -9999 -9999 -9999 -9999 -9999 -9999 -9999 269.4888 258.4981 255.8523 -9999 -9999 -9999 -9999 -9999 -9999 -9999 -9999 -9999 -9999 94.92007 88.52338 82.67168 78.30229 75.43568 80.13685 65.69299 59.71491 55.22865 51.49992 48.8042 46.87895 45.69713 45.99161 49.14945 47.11621 45.07497 39.99041 38.99619 40.46572 42.38329 44.94107 47.86533 51.15313 56.00468 64.75639 70.94387 76.80983 82.42445 85.94682 90.99328 94.98353
-9999 -9999 -9999 -9999 -9999 -9999 -9999 -9999 -9999 -9999 -9999 -9999 -9999 -9999 -9999 -9999 -9999 -9999 -9999 -9999 -9999 -9999 -9999 -9999 270.8905 260.4989 256.5959 260.9771 -9999 -9999 -9999 -9999 -9999 -9999 -9999 -9999 -9999 95.3633 89.24509 83.58877 79.66988 76.75064 76.55537 66.31432 61.37584 57.11187 53.47586 50.67836 48.6157 47.43331 47.08402 49.40112 48.88862 46.20706 41.70121 40.33707 41.58152 43.2151 45.60128 48.45609 51.60881 55.11832 62.35575 70.48721 75.3392 81.62358 85.80718 90.67912 94.57844
-9999 -9999 -9999 -9999 -9999 -9999 -9999 -9999 -9999 -9999 -9999 -9999 -9999 -9999 -9999 -9999 -9999 -9999 -9999 -9999 -9999 -9999 -9999 -9999 272.2628 262.8051 257.2343 259.3372 -9999 -9999 -9999 -9999 -9999 -9999 -9999 -9999 -9999 95.80109 90.00227 84.61844 81.07451 78.51749 74.33781 67.18175 62.84533 58.97076 55.40273 52.54049 50.3079 49.11451 48.10222 50.33224 50.55277 48.2182 49.68842 41.69223 42.84787 44.34618 46.51629 49.14374 52.13713 55.35767 60.03045 67.40316 74.55638 79.79028 86.22994 89.7192 94.60397
-9999 -9999 -9999 -9999 -9999 -9999 -9999 -9999 -9999 -9999 -9999 -9999 -9999 -9999 -9999 -9999 -9999 -9999 -9999 -9999 -9999 -9999 -9999 -9999 -9999 264.9156 259.963 260.05 263.5494 -9999 -9999 -9999 -9999 -9999 -9999 -9999 -9999 -9999 90.86217 85.71128 82.45337 80.05299 74.3912 68.20398 64.26528 60.78386 57.32158 54.43668 52.10871 50.80938 49.56112 51.25706 52.25364 50.55961 47.77109 43.3648 44.1334 45.53608 47.50452 49.9526 52.72679 55.80511 59.18835 64.74225 72.29782 78.9633 84.52272 89.79662 94.14005
-9999 -9999 -9999 -9999 -9999 -9999 -9999 -9999 -9999 -9999 -9999 -9999 -9999 -9999 -9999 -9999 -9999 -9999 -9999 -9999 -9999 -9999 -9999 -9999 -9999 -9999 262.1054 261.1803 262.8205 268.1582 -9999 -9999 -9999 -9999 -9999 -9999 -9999 100.1369 91.70577 86.98775 83.81299 81.46848 75.3449 69.32436 65.67093 62.43562 59.25271 56.33441 53.93422 52.52343 51.29803 52.39508 54.11843 52.57032 49.84042 45.45005 45.43602 46.75792 48.53158 50.84432 53.38479 56.31606 59.46367 63.70705 70.0508 77.27164 83.46062 89.29591 93.3651
-9999 -9999 -9999 -9999 -9999 -9999 -9999 -9999 -9999 -9999 -9999 -9999 -9999 -9999 -9999 -9999 -9999 -9999 -9999 -9999 -9999 -9999 -9999 -9999 -9999 -9999 264.5688 -9999 -9999 -9999 -9999 -9999 -9999 -9999 -9999 -9999 -9999 98.15615 92.64885 88.29279 85.1575 82.79881 76.23198 70.50304 67.10094 63.95586 61.1207 58.2125 55.75545 54.19278 53.01447 53.59966 56.3719 54.30336 50.97255 47.33546 46.75195 47.96469 49.65374 51.81255 54.14547 56.83027 59.83202 63.05611 68.53999 75.19761 82.21141 87.9219 93.49371
-9999 -9999 -9999 -9999 -9999 -9999 -9999 -9999 -9999 -9999 -9999 -9999 -9999 -9999 -9999 -9999 -9999 -9999 -9999 -9999 -9999 -9999 -9999 -9999 -9999 -9999 -9999 -9999 -9999 -9999 -9999 -9999 -9999 -9999 -9999 -9999 -9999 98.81718 93.62512 89.63082 86.54035 83.52399 77.09476 71.81889 68.50529 65.44635 62.7606 60.09206 57.56767 55.83236 54.71368 54.79538 57.60065 55.98622 52.22517 49.03201 48.06093 49.24365 50.78867 52.74735 54.98522 57.46401 60.32976 63.41992 67.69205 73.36114 80.25034 87.02774 92.28281
-9999 -9999 -9999 -9999 -9999 -9999 -9999 -9999 -9999 -9999 -9999 -9999 -9999 -9999 -9999 -9999 -9999 -9999 -9999 -9999 -9999 -9999 -9999 -9999 -9999 -9999 -9999 -9999 -9999 -9999 -9999 -9999 -9999 -9999 -9999 -9999 -9999 99.59089 94.69847 90.94421 87.93528 84.30126 78.20438 73.29871 69.90353 66.91432 64.30592 61.75687 59.38768 57.47841 56.38741 55.94017 57.71842 57.60205 53.60066 50.73735 49.36057 50.50555 51.87581 53.6522 55.8955 58.1166 60.84401 63.78617 67.16323 72.43437 78.108 85.33849 91.42958
-9999 -9999 -9999 -9999 -9999 -9999 -9999 -9999 -9999 -9999 -9999 -9999 -9999 -9999 -9999 -9999 -9999 -9999 -9999 -9999 -9999 -9999 -9999 -9999 -9999 -9999 -9999 -9999 -9999 -9999 -9999 -9999 -9999 -9999 -9999 -9999 -9999 -9999 100.3511 95.76396 92.21157 89.28689 85.041 79.35101 74.73123 68.3717 65.76389 63.22995 61.10068 59.14125 58.04451 57.11755 58.82554 59.10046 55.25415 52.42627 50.6815 51.76142 57.00754 55.09453 57.08535 59.06908 61.4719 64.23413 67.44582 71.72585 77.16095 83.36958 90.5295
-9999 -9999 -9999 -9999 -9999 -9999 -9999 -9999 -9999 -9999 -9999 -9999 -9999 -9999 -9999 -9999 -9999 -9999 -9999 -9999 -9999 -9999 -9999 -9999 -9999 -9999 -9999 -9999 -9999 -9999 -9999 -9999 -9999 -9999 -9999 -9999 -9999 122.0848 102.0404 96.80833 93.45137 90.63217 85.88409 80.47923 76.1349 72.7518 69.84719 67.15508 64.59064 62.58291 60.76428 59.69552 58.87669 59.86107 60.76914 56.89679 54.15228 53.51497 63.37821 74.70813 64.36039 59.8087 60.21397 62.21188 64.79633 67.92493 71.39687 76.31194 82.0321
-9999 -9999 -9999 -9999 -9999 -9999 -9999 -9999 -9999 -9999 -9999 -9999 -9999 -9999 -9999 -9999 -9999 -9999 -9999 -9999 -9999 -9999 -9999 -9999 -9999 -9999 -9999 -9999 -9999 -9999 -9999 -9999 -9999 -9999 -9999 -9999 -9999 113.4415 102.9472 97.85826 94.69151 91.98892 86.71603 81.62144 77.54324 74.2037 71.33483 68.55045 65.86798 63.94201 62.23158 61.29315 60.54576 60.80855 62.40561 58.57542 56.24217 58.63128 66.43665 79.87163 71.86895 63.3108 61.54625 62.98758 65.35031 68.22292 71.35377 76.18439 81.24922
-9999 -9999 -9999 -9999 -9999 -9999 -9999 -9999 -9999 -9999 -9999 -9999 -9999 -9999 -9999 -9999 -9999 -9999 -9999 -9999 -9999 -9999 -9999 -9999 -9999 -9999 -9999 -9999 -9999 -9999 -9999 -9999 -9999 -9999 -9999 192.8012 133.5602 111.7939 103.938 99.0004 95.9593 93.39393 87.63206 82.72365 78.9323 75.61665 72.79868 69.95154 67.13577 65.23695 63.59197 62.70786 62.01048 61.74164 63.2234 60.28552 58.32291 59.79 67.04428 74.09629 73.79206 65.1305 63.15648 63.97535 65.91607 68.51305 71.731 76.68312 80.96369
-9999 -9999 -9999 -9999 -9999 -9999 -9999 -9999 -9999 -9999 -9999 -9999 -9999 -9999 -9999 -9999 -9999 -9999 -9999 -9999 -9999 -9999 -9999 -9999 -9999 -9999 -9999 -9999 -9999 -9999 -9999 -9999 -9999 -9999 -9999 -9999 123.6739 111.0127 105.7997 112.3553 -9999 94.34734 88.56722 83.81991 80.25896 76.94304 74.18494 71.28343 68.46936 66.52814 64.91715 64.03349 63.34761 62.75029 64.21633 61.84095 60.21571 60.76794 64.34477 71.86217 71.84253 66.35753 64.57506 65.01491 66.68884 69.01517 72.10442 79.14609 80.79029
-9999 -9999 -9999 -9999 -9999 -9999 -9999 -9999 -9999 -9999 -9999 -9999 -9999 -9999 -9999 -9999 -9999 -9999 -9999 -9999 -9999 -9999 -9999 -9999 -9999 -9999 -9999 -9999 -9999 -9999 -9999 -9999 -9999 -9999 -9999 -9999 -9999 112.4424 107.9291 -9999 -9999 -9999 89.46532 84.9186 81.50684 78.20491 75.47373 72.54503 69.79223 67.83236 66.30322 65.30938 64.56027 64.01134 65.07823 63.2657 61.81372 61.77753 64.17255 69.65195 71.96255 67.54404 65.84958 66.0236 67.44501 69.56231 72.29377 76.57911 81.45924
-9999 -9999 -9999 -9999 -9999 -9999 -9999 -9999 -9999 -9999 -9999 -9999 -9999 -9999 -9999 -9999 -9999 -9999 -9999 -9999 -9999 -9999 -9999 -9999 -9999 -9999 -9999 -9999 -9999 -9999 -9999 -9999 -9999 -9999 -9999 -9999 -9999 159.9477 -9999 -9999 -9999 -9999 90.41981 85.97449 82.65919 79.45811 76.71566 73.77026 71.09625 69.13351 67.6135 66.56625 65.73962 65.17753 65.7636 64.64485 63.22626 62.7752 64.21009 68.15356 72.71156 68.74449 67.07775 67.00477 68.18477 70.16665 72.5503 76.05421 82.13197
-9999 -9999 -9999 -9999 -9999 -9999 -9999 -9999 -9999 -9999 -9999 -9999 -9999 -9999 -9999 -9999 -9999 -9999 -9999 -9999 -9999 -9999 -9999 -9999 -9999 -9999 -9999 -9999 -9999 -9999 -9999 -9999 -9999 -9999 -9999 -9999 -9999 -9999 -9999 -9999 -9999 -9999 -9999 87.0324 83.785 80.69526 77.92686 74.97487 72.37052 70.42651 68.89767 67.80211 66.90585 66.31635 66.39723 65.9406 64.53867 63.74199 65.03667 68.00133 73.04533 69.90567 68.28693 67.96789 68.99357 70.83107 73.06046 76.09456 80.64101
-9999 -9999 -9999 -9999 -9999 -9999 -9999 -9999 -9999 -9999 -9999 -9999 -9999 -9999 -9999 -9999 -9999 -9999 -9999 -9999 -9999 -9999 -9999 -9999 -9999 -9999 -9999 -9999 -9999 -9999 -9999 -9999 -9999 -9999 -9999 -9999 -9999 -9999 -9999 -9999 -9999 -9999 -9999 -9999 93.13512 81.91875 79.11675 76.17104 73.6271 71.6899 70.15957 69.00915 68.08205 67.45176 67.09561 67.26427 65.82481 64.9163 65.98291 68.05946 71.83438 71.11042 69.51195 68.92696 69.94834 71.5462 73.58768 77.14963 81.5162
-9999 -9999 -9999 -9999 -9999 -9999 -9999 -9999 -9999 -9999 -9999 -9999 -9999 -9999 -9999 -9999 -9999 -9999 -9999 -9999 -9999 -9999 -9999 -9999 -9999 -9999 -9999 -9999 -9999 -9999 -9999 -9999 -9999 -9999 -9999 -9999 -9999 -9999 -9999 -9999 -9999 -9999 -9999 103.3925 88.88116 83.12823 80.27979 77.35241 74.86518 72.94242 71.40647 70.2085 69.28754 68.60625 68.28208 68.61875 67.05971 66.20854 66.87688 68.25798 71.43568 72.39085 70.74882 69.90768 70.94117 72.26167 74.17638 77.42958 81.52124
-9999 -9999 -9999 -9999 -9999 -9999 -9999 -9999 -9999 -9999 -9999 -9999 -9999 -9999 -9999 -9999 -9999 -9999 -9999 -9999 -9999 -9999 -9999 -9999 -9999 -9999 -9999 -9999 -9999 -9999 -9999 -9999 -9999 -9999 -9999 -9999 -9999 -9999 -9999 -9999 -9999 -9999 -9999 98.01463 88.63718 84.32446 81.41045 78.50076 76.08451 74.18704 72.65339 71.41245 70.50982 69.81187 69.45599 70.81924 69.03715 67.82406 68.08508 69.0132 71.47404 73.95389 72.53214 71.22104 71.92954 72.98361 74.82999 77.20124 82.69556
