data/pcs/fire_arrival_time_translated.asc
ncols        125
nrows        102
xllcorner    567571.354749309947
yllcorner    4824355.574259799905
cellsize     30.000000000000
NODATA_value -9999
[rows 69 to 91 of 102, columns 51 to 101 of 125]
83.46666717529296875 82.49416351318359375 81.6862030029296875 81.00499725341796875 81.09409332275390625 81.29657745361328125 81.51316070556640625 84.89058685302734375 85.81197357177734375 84.993133544921875 85.63336181640625 86.940399169921875 88.6607666015625 91.39705657958984375 91.63568878173828125 93.2428131103515625 95.0635986328125 97.03340911865234375 99.82749176025390625 102.41770172119140625 106.45999908447265625 112.3654022216796875 118.76090240478515625 118.98809814453125 120.2931976318359375 123.393096923828125 126.54740142822265625 130.5139007568359375 133.788299560546875 139.180694580078125 147.9911956787109375 154.4282989501953125 158.4237060546875 163.404296875 167.218902587890625 164.518402099609375 165.421600341796875 168.5066070556640625 172.6864013671875 178.4947967529296875 185.7700042724609375 190.1670989990234375 195.9235992431640625 199.7675933837890625 204.413604736328125 209.5717926025390625 215.914306640625 223.5225067138671875 230.58160400390625 238.5608978271484375 245.4346923828125
84.78795623779296875 83.773956298828125 82.917877197265625 82.31320953369140625 82.74920654296875 83.94808197021484375 84.451141357421875 86.44426727294921875 88.8121795654296875 87.969879150390625 88.42394256591796875 89.269500732421875 89.7710113525390625 91.60418701171875 92.89025115966796875 94.10782623291015625 96.16191864013671875 98.11717987060546875 100.6945037841796875 104.99520111083984375 106.84819793701171875 112.23200225830078125 119.52649688720703125 121.3170013427734375 121.01779937744140625 123.09429931640625 125.997100830078125 129.28460693359375 133.6204071044921875 137.668304443359375 145.022003173828125 151.7001953125 158.218902587890625 161.5890045166015625 167.40679931640625 165.8986968994140625 166.0818023681640625 168.9568023681640625 172.4062957763671875 176.79840087890625 183.754302978515625 188.59710693359375 194.4669036865234375 199.3634033203125 203.7266998291015625 207.9463043212890625 213.649993896484375 220.923797607421875 228.9445037841796875 237.13189697265625 244.095001220703125
86.11406707763671875 85.09322357177734375 84.2646331787109375 83.62464141845703125 84.108123779296875 86.36412811279296875 87.2142181396484375 87.531768798828125 91.642852783203125 90.7672119140625 90.7980804443359375 91.1858062744140625 91.22035980224609375 92.46112060546875 94.41313934326171875 94.99961090087890625 96.90627288818359375 98.95822906494140625 101.31610107421875 106.36730194091796875 108.49310302734375 112.3011016845703125 118.92440032958984375 123.1865997314453125 122.5753021240234375 123.67690277099609375 125.88990020751953125 128.87860107421875 134.33770751953125 137.8509979248046875 142.31829833984375 148.3513031005859375 154.851104736328125 160.7350006103515625 164.9279937744140625 167.2086029052734375 166.686798095703125 169.406402587890625 172.3798980712890625 176.1147003173828125 181.5706939697265625 189.7592926025390625 193.1573028564453125 198.7187042236328125 203.09930419921875 207.4842987060546875 212.423797607421875 219.24029541015625 229.7353973388671875 237.222503662109375 244.65460205078125
87.42710113525390625 86.42902374267578125 85.783538818359375 85.921356201171875 86.61856842041015625 88.918212890625 89.88864898681640625 89.63477325439453125 91.27478790283203125 92.63552093505859375 92.48763275146484375 92.62686920166015625 92.59310150146484375 93.33184814453125 95.16161346435546875 95.87183380126953125 97.59900665283203125 99.79911041259765625 102.252197265625 106.26039886474609375 109.77919769287109375 112.8108978271484375 116.8986968994140625 120.84490203857421875 124.01689910888671875 124.8578033447265625 125.9477996826171875 128.343597412109375 132.626800537109375 140.0803070068359375 141.79949951171875 145.6938934326171875 151.595703125 157.850006103515625 163.632904052734375 168.315093994140625 167.2445068359375 169.4846038818359375 173.70050048828125 175.865997314453125 180.1658935546875 186.512298583984375 192.327606201171875 197.564605712890625 202.58819580078125 207.8780059814453125 212.6595001220703125 219.91400146484375 228.43719482421875 237.1873016357421875 245.1446990966796875
88.7079010009765625 87.7489013671875 87.10359954833984375 88.3689117431640625 89.48470306396484375 91.6306610107421875 92.96753692626953125 92.5694732666015625 92.68376922607421875 94.331787109375 93.83808135986328125 93.89536285400390625 93.88182830810546875 94.1971435546875 95.78270721435546875 96.7849884033203125 98.3548431396484375 100.79669952392578125 103.95850372314453125 106.64859771728515625 111.292999267578125 113.19950103759765625 116.47509765625 120.185699462890625 124.34929656982421875 125.8014984130859375 126.50980377197265625 128.5160980224609375 131.1837005615234375 137.7454071044921875 142.175201416015625 144.761505126953125 148.852996826171875 154.77789306640625 160.9261016845703125 166.636199951171875 168.7805938720703125 169.5077056884765625 172.747100830078125 176.076507568359375 179.4409942626953125 184.46270751953125 194.7758026123046875 196.8972015380859375 202.1150970458984375 207.207000732421875 213.3307037353515625 220.3538055419921875 226.9066009521484375 237.8773040771484375 245.0110931396484375
89.98209381103515625 89.07779693603515625 88.3536834716796875 90.94753265380859375 92.45929718017578125 94.3621673583984375 96.0981903076171875 95.5420074462890625 95.4782867431640625 96.6044464111328125 95.47460174560546875 95.53214263916015625 95.53098297119140625 95.4284210205078125 96.79007720947265625 97.7251129150390625 99.1349029541015625 102.8524017333984375 106.53890228271484375 107.0959014892578125 112.74629974365234375 114.46099853515625 116.57230377197265625 120.00890350341796875 123.4774017333984375 126.6822967529296875 127.435699462890625 128.7279052734375 131.1641998291015625 134.5193023681640625 141.717193603515625 144.8114013671875 147.813507080078125 152.1544036865234375 158.039703369140625 164.5359039306640625 170.210906982421875 169.8462982177734375 172.199798583984375 176.5879058837890625 179.081695556640625 183.1741943359375 190.09710693359375 197.905303955078125 203.452392578125 208.0204010009765625 215.55029296875 220.166107177734375 227.4015960693359375 235.3495941162109375 244.998992919921875
91.2699432373046875 90.46161651611328125 89.77182769775390625 93.05278778076171875 95.10582733154296875 96.6240081787109375 99.0396270751953125 98.57776641845703125 98.3506317138671875 99.15569305419921875 98.53424072265625 98.4193267822265625 98.4850311279296875 98.50353240966796875 99.5178985595703125 100.09329986572265625 101.5843963623046875 104.89890289306640625 109.62239837646484375 108.81009674072265625 113.44429779052734375 116.593902587890625 117.14170074462890625 120.34400177001953125 123.2451019287109375 126.8274993896484375 128.27459716796875 128.9376068115234375 131.66180419921875 134.9862060546875 138.4709014892578125 145.056396484375 147.24139404296875 150.8108978271484375 156.16900634765625 163.1739044189453125 170.0431060791015625 170.2884979248046875 171.9051971435546875 175.4055023193359375 179.05999755859375 182.2602996826171875 188.4290008544921875 198.1083984375 204.9741973876953125 209.8585968017578125 214.6488037109375 220.696197509765625 226.9362945556640625 233.668701171875 246.3578948974609375
92.54486083984375 91.9210662841796875 92.02095794677734375 94.9471435546875 98.33376312255859375 99.72344970703125 101.115997314453125 100.91139984130859375 101.035400390625 101.9066009521484375 101.580596923828125 101.3003997802734375 101.395599365234375 101.57270050048828125 102.3625030517578125 103.8130035400390625 104.8386993408203125 107.4373016357421875 111.81330108642578125 111.64129638671875 114.30539703369140625 118.68959808349609375 118.11519622802734375 120.71610260009765625 123.1746978759765625 126.1266021728515625 129.090301513671875 129.9282989501953125 132.3968963623046875 137.385894775390625 138.8892974853515625 142.7053070068359375 147.2165069580078125 150.0507965087890625 153.8697967529296875 160.919403076171875 167.9145050048828125 172.1432037353515625 172.8489990234375 176.2801971435546875 178.8318023681640625 181.872802734375 185.4658966064453125 193.58489990234375 201.95770263671875 211.1342010498046875 215.7386016845703125 222.3740997314453125 227.502593994140625 235.6656951904296875 249.379302978515625
94.1103973388671875 93.5299224853515625 94.2786865234375 96.562103271484375 100.9777984619140625 101.64409637451171875 104.1927032470703125 103.15129852294921875 103.6331024169921875 104.07669830322265625 104.210296630859375 104.03179931640625 104.23529815673828125 104.506103515625 105.02850341796875 107.17120361328125 107.71880340576171875 109.59510040283203125 115.801300048828125 114.5027008056640625 115.72370147705078125 120.8253021240234375 119.33950042724609375 121.78790283203125 123.46489715576171875 125.94339752197265625 130.32940673828125 131.65460205078125 133.18280029296875 136.2657928466796875 139.6974029541015625 141.8632049560546875 146.08990478515625 149.8390960693359375 153.0352935791015625 157.6985931396484375 164.95880126953125 171.1244049072265625 174.3188018798828125 177.1002960205078125 179.638702392578125 182.1295928955078125 185.006500244140625 188.9385986328125 194.47979736328125 204.64990234375 216.9430999755859375 221.505706787109375 228.1566009521484375 234.92230224609375 244.545501708984375
96.917633056640625 95.373870849609375 96.73155975341796875 98.263031005859375 -9999 104.4691009521484375 107.6078033447265625 105.78079986572265625 106.2259979248046875 106.0587005615234375 106.36350250244140625 106.64679718017578125 -9999 -9999 -9999 -9999 -9999 -9999 -9999 118.23110198974609375 117.07070159912109375 121.66619873046875 121.24340057373046875 123.61299896240234375 124.1977996826171875 126.19429779052734375 129.3074951171875 133.4058074951171875 134.1641998291015625 135.8480987548828125 140.522003173828125 142.2606964111328125 144.7335968017578125 149.575103759765625 152.471099853515625 156.1248016357421875 160.9792938232421875 168.1490020751953125 174.3596954345703125 177.8722991943359375 181.5890960693359375 182.496795654296875 184.7964019775390625 188.139495849609375 192.31640625 197.98260498046875 209.6627960205078125 223.45849609375 -9999 236.164794921875 -9999
99.226409912109375 98.35025787353515625 99.26854705810546875 -9999 -9999 -9999 -9999 -9999 -9999 -9999 -9999 -9999 -9999 -9999 -9999 -9999 -9999 -9999 -9999 -9999 118.66100311279296875 122.3932037353515625 123.92330169677734375 125.41919708251953125 125.397003173828125 126.704803466796875 129.8173980712890625 134.2469940185546875 135.837799072265625 136.3856964111328125 138.91290283203125 142.730499267578125 144.7548980712890625 148.664703369140625 153.1134033203125 155.750701904296875 159.07049560546875 164.321197509765625 171.1761016845703125 178.2646942138671875 181.1593017578125 183.284393310546875 185.608001708984375 187.9987945556640625 191.32049560546875 195.7837066650390625 202.037994384765625 212.1483001708984375 -9999 -9999 -9999
-9999 -9999 -9999 -9999 -9999 -9999 -9999 -9999 -9999 -9999 -9999 -9999 -9999 -9999 -9999 -9999 -9999 -9999 -9999 -9999 -9999 124.67690277099609375 126.5279998779296875 -9999 127.502197265625 127.00319671630859375 130.8426055908203125 134.298797607421875 138.3047027587890625 137.3583984375 138.6029052734375 142.71270751953125 145.5644073486328125 148.147003173828125 153.710693359375 155.5153045654296875 158.476806640625 162.068695068359375 167.76220703125 174.1277008056640625 181.0973968505859375 184.627593994140625 186.026092529296875 188.14349365234375 191.03900146484375 194.6602020263671875 199.3755950927734375 205.9080047607421875 218.3849029541015625 -9999 -9999
-9999 -9999 -9999 -9999 -9999 -9999 -9999 -9999 -9999 -9999 -9999 -9999 -9999 -9999 -9999 -9999 -9999 -9999 -9999 -9999 -9999 -9999 -9999 -9999 -9999 -9999 131.0211029052734375 134.3397064208984375 139.04339599609375 139.7935028076171875 140.4658050537109375 142.931304931640625 147.6985931396484375 149.261993408203125 153.1248016357421875 156.3488006591796875 158.2386016845703125 161.4300994873046875 165.5928955078125 171.191497802734375 177.15020751953125 184.3238983154296875 186.2716064453125 188.716400146484375 191.657196044921875 194.4658966064453125 198.1154022216796875 203.783203125 211.5648956298828125 228.42950439453125 254.528900146484375
-9999 -9999 -9999 -9999 -9999 -9999 -9999 -9999 -9999 -9999 -9999 -9999 -9999 -9999 -9999 -9999 -9999 -9999 -9999 -9999 -9999 -9999 -9999 -9999 -9999 -9999 -9999 135.61669921875 138.619293212890625 141.91400146484375 142.33709716796875 144.07879638671875 148.5756988525390625 150.7425994873046875 152.02679443359375 156.249603271484375 158.52960205078125 160.9882965087890625 164.4521026611328125 168.985504150390625 174.60980224609375 180.5872039794921875 188.0050048828125 189.1862030029296875 193.7064971923828125 195.92889404296875 198.90789794921875 203.5514068603515625 211.1739044189453125 219.2884979248046875 234.2342987060546875
-9999 -9999 -9999 -9999 -9999 -9999 -9999 -9999 -9999 -9999 -9999 -9999 -9999 -9999 -9999 -9999 -9999 -9999 -9999 -9999 -9999 -9999 -9999 -9999 -9999 -9999 -9999 136.6824951171875 138.6649932861328125 142.97979736328125 144.0695037841796875 145.7303009033203125 148.4593963623046875 152.14739990234375 152.427093505859375 155.7462005615234375 159.1676025390625 160.932403564453125 163.9257049560546875 167.51080322265625 172.39959716796875 178.0348968505859375 184.0991973876953125 189.9989013671875 194.6692047119140625 198.5406951904296875 200.279998779296875 202.7299957275390625 210.65130615234375 218.4468994140625 228.5966949462890625
-9999 -9999 -9999 -9999 -9999 -9999 -9999 -9999 -9999 -9999 -9999 -9999 -9999 -9999 -9999 -9999 -9999 -9999 -9999 -9999 -9999 -9999 -9999 -9999 -9999 -9999 -9999 138.7949981689453125 139.80279541015625 142.4053955078125 146.951904296875 147.72869873046875 148.70159912109375 153.0092926025390625 153.584503173828125 155.595703125 160.4990997314453125 161.48089599609375 163.7686004638671875 166.8634033203125 170.6903076171875 175.8784027099609375 181.9402008056640625 187.8484954833984375 195.7610931396484375 200.5558013916015625 201.6743011474609375 204.062896728515625 211.627899169921875 218.57989501953125 -9999
-9999 -9999 -9999 -9999 -9999 -9999 -9999 -9999 -9999 -9999 -9999 -9999 -9999 -9999 -9999 -9999 -9999 -9999 -9999 -9999 -9999 -9999 -9999 -9999 -9999 -9999 -9999 -9999 143.1233978271484375 143.481292724609375 151.4080963134765625 151.30670166015625 149.531005859375 152.305206298828125 154.586700439453125 156.047698974609375 161.0334014892578125 162.6916961669921875 163.9806060791015625 166.680694580078125 170.02740478515625 174.252593994140625 180.1154937744140625 187.403594970703125 199.227203369140625 202.6282958984375 202.9705047607421875 -9999 -9999 -9999 -9999
-9999 -9999 -9999 -9999 -9999 -9999 -9999 -9999 -9999 -9999 -9999 -9999 -9999 -9999 -9999 -9999 -9999 -9999 -9999 -9999 -9999 -9999 -9999 -9999 -9999 -9999 -9999 -9999 -9999 144.423492431640625 147.270294189453125 154.1147003173828125 152.277496337890625 153.5155029296875 156.446197509765625 157.2642974853515625 161.157806396484375 164.48699951171875 164.6009979248046875 166.9322052001953125 169.6342010498046875 173.5406951904296875 179.5558013916015625 -9999 -9999 -9999 -9999 -9999 -9999 -9999 -9999
-9999 -9999 -9999 -9999 -9999 -9999 -9999 -9999 -9999 -9999 -9999 -9999 -9999 -9999 -9999 -9999 -9999 -9999 -9999 -9999 -9999 -9999 -9999 -9999 -9999 -9999 -9999 -9999 -9999 145.9781036376953125 147.233306884765625 154.3802032470703125 154.9290008544921875 154.7501068115234375 158.054901123046875 159.474700927734375 161.463104248046875 165.0128021240234375 166.8986053466796875 168.0968017578125 170.037506103515625 173.7509002685546875 -9999 -9999 -9999 -9999 -9999 -9999 -9999 -9999 -9999
-9999 -9999 -9999 -9999 -9999 -9999 -9999 -9999 -9999 -9999 -9999 -9999 -9999 -9999 -9999 -9999 -9999 -9999 -9999 -9999 -9999 -9999 -9999 -9999 -9999 -9999 -9999 -9999 -9999 -9999 148.0547027587890625 151.892303466796875 157.5460968017578125 156.256195068359375 159.146697998046875 161.707794189453125 162.38720703125 165.20050048828125 169.106903076171875 169.793304443359375 -9999 -9999 -9999 -9999 -9999 -9999 -9999 -9999 -9999 -9999 -9999
-9999 -9999 -9999 -9999 -9999 -9999 -9999 -9999 -9999 -9999 -9999 -9999 -9999 -9999 -9999 -9999 -9999 -9999 -9999 -9999 -9999 -9999 -9999 -9999 -9999 -9999 -9999 -9999 -9999 -9999 151.6446990966796875 151.1399993896484375 158.925201416015625 158.35479736328125 160.100799560546875 163.7877960205078125 164.1338958740234375 165.8050994873046875 -9999 -9999 -9999 -9999 -9999 -9999 -9999 -9999 -9999 -9999 -9999 -9999 -9999
-9999 -9999 -9999 -9999 -9999 -9999 -9999 -9999 -9999 -9999 -9999 -9999 -9999 -9999 -9999 -9999 -9999 -9999 -9999 -9999 -9999 -9999 -9999 -9999 -9999 -9999 -9999 -9999 -9999 -9999 -9999 -9999 158.015594482421875 160.7805023193359375 161.0511932373046875 164.62530517578125 165.789794921875 166.954803466796875 -9999 -9999 -9999 -9999 -9999 -9999 -9999 -9999 -9999 -9999 -9999 -9999 -9999
-9999 -9999 -9999 -9999 -9999 -9999 -9999 -9999 -9999 -9999 -9999 -9999 -9999 -9999 -9999 -9999 -9999 -9999 -9999 -9999 -9999 -9999 -9999 -9999 -9999 -9999 -9999 -9999 -9999 -9999 -9999 -9999 -9999 163.118896484375 161.9076995849609375 165.5323028564453125 167.9709014892578125 168.5576019287109375 -9999 -9999 -9999 -9999 -9999 -9999 -9999 -9999 -9999 -9999 -9999 -9999 -9999
